v = [ 100 99 98 97 97 96 96 96 96 97  ];
